0.232200
0.441179
0.650159
0.859138
1.439637
1.648617
1.904036
2.321995
2.530975
2.786395
3.227574
3.436553
3.691973
4.109932
4.342132
4.783311
5.178050
5.410249
5.665669
5.897868
6.130068
6.339048
6.548027
6.780227
6.989206
7.221406
7.430385
7.662585
7.871565
8.150204
8.568163
8.800363
9.032562
9.287982
9.496961
9.705941
9.914921
10.147120
10.379320
10.588299
10.820499
11.052698
11.261678
11.493878
11.726077
11.935057
12.144036
12.585215
12.817415
13.049615
13.258594
13.606893
13.931973
14.396372
14.628571
14.837551
15.069751
15.418050
15.696689
15.975329
16.300408
16.625488
17.205986
17.484626
17.763265
18.088345
18.436644
18.668844
19.110023
19.551202
19.899501
20.247800
20.781859
21.130159
21.432018
21.710658
22.012517
22.291156
22.569796
22.918095
23.127075
23.498594
23.823673
24.055873
24.264853
24.497052
24.706032
24.915011
25.147211
25.356190
25.565170
25.774150
25.983129
26.215329
26.447528
26.656508
27.097687
27.306667
27.538866
27.817506
28.049705
28.258685
28.514104
28.723084
29.373243
